0.7058824
0.7058824
0.7058824
0.7058824
0.7058824
0.8421053
0.8421053
0.7777778
0.8421053
0.8421053
0.8421053
0.7777778
0.7777778
0.7058824
0.7777778
0.7777778
0.8421053
0.625
0.8421053
0.7777778
0.8421053
0.8421053
0.625
0.7058824
0.7777778
0.7058824
0.7777778
0.7058824
0.7777778
0.7777778
0.8421053
0.8421053
0.7777778
0.7058824
0.7777778
0.7777778
0.7777778
0.7777778
0.7058824
0.7777778
0.7058824
0.7777778
0.7058824
0.7058824
0.7777778
0.8421053
0.7777778
0.7058824
0.7777778
0.7058824
***********************************************************
mean-fscore:0.76409876

max-fscore:0.8421053

min-fscore:0.625

std-fscore:0.05884705345443023
