0.5
0.5333333
0.5
0.4
0.5882353
0.5882353
0.5
0.5
0.4
0.3076923
0.5882353
0.5882353
0.5882353
0.4285714
0.3076923
0.5882353
0.5882353
0.4285714
0.625
0.4285714
0.4
0.4285714
0.3076923
0.4285714
0.4
0.5882353
0.5882353
0.5
0.5333333
0.5
0.5333333
0.5
0.3076923
0.5
0.4
0.5333333
0.5333333
0.4285714
0.4285714
0.5
0.3076923
0.4285714
0.5333333
0.5882353
0.4
0.5333333
0.5
0.5333333
0.5333333
0.3076923
***********************************************************
mean-fscore:0.47964155399999975

max-fscore:0.625

min-fscore:0.3076923

std-fscore:0.09096604138118215
