0.1666667
0.1666667
0.1666667
0.1666667
0.1666667
0.1666667
0.1666667
0.1666667
0.1666667
0.1666667
0.1666667
0.1666667
0.1666667
0.1666667
0.1666667
0.1666667
0.1666667
0.1666667
0.1666667
0.1666667
0.1666667
0.1666667
0.1666667
0.1666667
0.1666667
0.1666667
0.1666667
0.1666667
0.1666667
0.1666667
0.1666667
0.1666667
0.1666667
0.1666667
0.1666667
0.1666667
0.1666667
0.1666667
0.1666667
0.1666667
0.1666667
0.1666667
0.1666667
0.1666667
0.1666667
0.1666667
0.1666667
0.1666667
0.1666667
***********************************************************
mean-fscore:0.16333336600000017

max-fscore:0.1666667

min-fscore:0.0

std-fscore:0.023570230753596794
