0.625
0.625
0.625
0.625
0.7058824
0.625
0.7058824
0.7058824
0.7058824
0.7058824
0.625
0.625
0.625
0.625
0.625
0.625
0.7058824
0.625
0.625
0.625
0.7058824
0.625
0.625
0.625
0.625
0.7058824
0.625
0.7058824
0.7058824
0.625
0.625
0.7058824
0.7058824
0.7058824
0.625
0.625
0.7058824
0.625
0.625
0.7058824
0.7058824
0.625
0.7058824
0.625
0.625
0.625
0.7058824
0.7058824
0.7058824
0.625
***********************************************************
mean-fscore:0.6573529600000001

max-fscore:0.7058824

min-fscore:0.625

std-fscore:0.04002640749660256
