0.5
0.5555556
0.5882353
0.5882353
0.5555556
0.5
0.5882353
0.6666667
0.5882353
0.6666667
0.5555556
0.6666667
0.5882353
0.5882353
0.6666667
0.6666667
0.6666667
0.6666667
0.5882353
0.5882353
0.6666667
0.5882353
0.5882353
0.4705882
0.5882353
0.6666667
0.4
0.4
0.4705882
0.5882353
0.4
0.5
0.5
0.5882353
0.5882353
0.5882353
0.5
0.5
0.5882353
0.375
0.5
0.5
0.6666667
0.6666667
0.6666667
0.5882353
0.5882353
0.5555556
0.5555556
0.4705882
***********************************************************
mean-fscore:0.5670555680000002

max-fscore:0.6666667

min-fscore:0.375

std-fscore:0.0798342311958116
