0.3076923
0.3076923
0.2857143
0.3076923
0.3076923
0.1666667
0
0.3076923
0.3076923
0.1666667
0.1538462
0.3076923
0.1666667
0.3076923
0.3076923
0.1538462
0.3076923
0.2857143
0.3076923
0.1538462
0.3076923
0.3076923
0.3076923
0.3076923
0.3076923
0.1538462
0.1666667
0.1538462
0.3076923
0.3076923
0.3076923
0.1666667
0.3076923
0.3076923
0.3076923
0.1666667
0.3076923
0.3076923
0.1666667
0.2857143
0.3076923
0.3076923
0.3076923
0.3076923
0.1666667
0.1666667
0.2857143
0.3076923
0.3076923
0.1666667
***********************************************************
mean-fscore:0.25619048399999994

max-fscore:0.3076923

min-fscore:0.0

std-fscore:0.07575607200423716
