0.4642857
0.4727273
0.4727273
0.4642857
0.4727273
0.4642857
0.4642857
0.4642857
0.4642857
0.4727273
0.4727273
0.4642857
0.4727273
0.4727273
0.4642857
0.4642857
0.4727273
0.4642857
0.4642857
0.4727273
0.4727273
0.4642857
0.4642857
0.4642857
0.4642857
0.4727273
0.4642857
0.4642857
0.4642857
0.4727273
0.4642857
0.4642857
0.4727273
0.4642857
0.4642857
0.4642857
0.4727273
0.4642857
0.4642857
0.4727273
0.4642857
0.4727273
0.4727273
0.4727273
0.4727273
0.4727273
0.4727273
0.4727273
0.4642857
0.4642857
