0.2105263
0.1621622
0.2105263
0.2564103
0.2564103
0.1621622
0.2105263
0.2105263
0.2105263
0.2105263
0.2105263
0.2105263
0.2105263
0.1621622
0.2105263
0.1621622
0.2105263
0.1621622
0.1621622
0.2105263
0.2105263
0.2105263
0.2105263
0.1621622
0.1621622
0.1621622
0.2105263
0.1621622
0.2105263
0.2105263
0.1621622
0.2105263
0.1621622
0.2105263
0.2105263
0.2105263
0.1621622
0.1621622
0.2105263
0.2105263
0.1621622
0.2105263
0.2105263
0.2105263
0.1621622
0.1621622
0.1621622
0.1621622
0.1621622
0.2105263
