0.8421053
0.8421053
0.7777778
0.9
0.8421053
0.9
0.8421053
0.7777778
0.8421053
0.8421053
0.8421053
0.7777778
0.8421053
0.9
0.8421053
0.7777778
0.9
0.7777778
0.8421053
0.9
0.8421053
0.8421053
0.8421053
0.9
0.9
0.7777778
0.8421053
0.8421053
0.9
0.9
0.7777778
0.8421053
0.8421053
0.7777778
0.8421053
0.7777778
0.7777778
0.8421053
0.9
0.8421053
0.9
0.8421053
0.8421053
0.8421053
0.8421053
0.9
0.8421053
0.8421053
0.7777778
0.8421053
***********************************************************
mean-fscore:0.8418479779999999

max-fscore:0.9

min-fscore:0.7777778

std-fscore:0.04182971908682353
