0.1666667
0.1666667
0.1538462
0.1666667
0.1666667
0.1538462
0.2857143
0.1538462
0.2857143
0.1666667
0.1538462
0.1538462
0.1538462
0.1666667
0.1538462
0.2857143
0.2857143
0.1666667
0.1666667
0.1666667
0.2857143
0.2857143
0.1538462
0.1666667
0.2857143
0.2857143
0.1666667
0.1666667
0.2857143
0.1666667
0.1666667
0.2857143
0.2857143
0.1666667
0.3076923
0.2857143
0.1538462
0.2857143
***********************************************************
mean-fscore:0.15813189000000008

max-fscore:0.3076923

min-fscore:0.0

std-fscore:0.1045201990313761
