0.09451796
0.1042471
0.1064639
0.1050657
0.1036468
0.08955224
0.1044776
0.099631
0.09469697
0.09867173
0.09345794
0.1048544
0.1076923
0.1084112
0.09433962
0.09398496
0.1028571
0.1038961
0.09328358
0.09829868
0.09284333
0.1007463
0.1096408
0.1020794
0.1032505
0.1066667
0.1028571
0.1111111
0.1113244
0.08938547
0.1090226
0.1066667
0.09885932
0.1104762
0.1018868
0.1037037
0.09208103
0.09213052
0.1066667
0.09867173
0.0929368
0.08695652
0.0929368
0.1028571
0.1020794
0.1062619
0.09756098
0.110687
0.1030534
0.1070746
