0.08707483
0.09353508
0.08864266
0.0802213
0.08241758
0.07816712
0.07427785
0.0857538
0.07777778
0.07788595
0.08152174
0.1009818
0.08275862
0.08794326
0.08123249
0.1039326
0.08481532
0.08587258
0.08391608
0.07650273
0.09722222
0.08055556
0.08469945
0.07334274
0.0887656
0.09431345
0.08438819
0.08298755
0.0875513
0.0877915
0.09230769
0.08803301
0.09308886
0.09353508
0.08356546
0.07967033
0.07282913
0.08207934
0.08563536
0.07670455
0.07977992
0.07977992
0.07745505
0.08504801
0.08379888
0.08719346
0.0801105
0.07192254
0.08368201
0.08469945
