0.1666667
0.1666667
0.1666667
0.1666667
0.1666667
0.1666667
0.1666667
0.1666667
0.1666667
0.1666667
0.1666667
0.1666667
0.1666667
0.1666667
0.1666667
0.1666667
0.1666667
0.1666667
0.1666667
0.1666667
0.1666667
0.1666667
0.1666667
0.1666667
0.1666667
0.1666667
0.1666667
0.1666667
0.1666667
0.1666667
0.1538462
0.1666667
0.1538462
0.1666667
0.1666667
0.1666667
0.1538462
0.1666667
0.1538462
0.1538462
0.1666667
0.1666667
0.1666667
0.1666667
0.1666667
0.1666667
0.1666667
0.1666667
0.1666667
0.1666667
***********************************************************
mean-fscore:0.16538465000000016

max-fscore:0.1666667

min-fscore:0.1538462

std-fscore:0.0038851982092294878
