0.3076923
0.3076923
0.3076923
0.4285714
0.4285714
0.4285714
0.4285714
0.3076923
0.4285714
0.4285714
0.3076923
0.4285714
0.4285714
0.4285714
0.3076923
0.3076923
0.4285714
0.4285714
0.3076923
0.3076923
0.3076923
0.4285714
0.4285714
0.3076923
0.4285714
0.4285714
0.3076923
0.3076923
0.3076923
0.3076923
0.4285714
0.4285714
0.3076923
0.3076923
0.3076923
0.3076923
0.3076923
0.3076923
0.4285714
0.4285714
0.3076923
0.3076923
0.4285714
0.4285714
0.4285714
0.3076923
0.3076923
0.4285714
0.3076923
0.4285714
***********************************************************
mean-fscore:0.3657142679999996

max-fscore:0.4285714

min-fscore:0.3076923

std-fscore:0.06100430313925318
