0.0913242
0.1072961
0.09280742
0.1073826
0.09567198
0.1133787
0.1236203
0.09170306
0.09713024
0.1203704
0.1203704
0.1123596
0.09502262
0.1059603
0.09977324
0.1315789
0.1059908
0.08796296
0.1086957
0.09090909
0.1016166
0.1118568
0.1036036
0.1129412
0.1141553
0.1258741
0.1226415
0.1266968
0.0886918
0.1369863
0.1140351
0.1040724
0.1103448
0.1168539
0.0840708
0.09438202
0.1118881
0.1154734
0.1118568
0.1011494
0.1022222
0.1158129
0.08675799
0.09333333
0.1047836
0.1073826
0.1218962
0.1103753
0.09210526
0.1138952
