0.1621622
0.1621622
0.1621622
0.1621622
0.1111111
0.1621622
0.1621622
0.1621622
0.1621622
0.1111111
0.1621622
0.1621622
0.1111111
0.1111111
0.1621622
0.1111111
0.1621622
0.1621622
0.1621622
0.1111111
0.1621622
0.1621622
0.1621622
0.1621622
0.1111111
0.1111111
0.1621622
0.1111111
0.1621622
0.1621622
0.1621622
0.1621622
0.1621622
0.1111111
0.1621622
0.1111111
0.1621622
0.1621622
0.1621622
0.1621622
0.1621622
0.1111111
0.1621622
0.1621622
0.1111111
0.1111111
0.1621622
0.1621622
0.1621622
0.1621622
