0.1666667
0.1666667
0.1666667
0.1666667
0.1666667
0.1666667
0.1666667
0.1666667
0.1666667
0.1666667
0.1666667
0.1666667
0.1666667
0.1666667
0.1666667
0.1666667
0.1666667
0.1666667
0.1666667
0.1666667
0.1666667
0.1666667
0.1666667
0.1666667
0.1666667
0.1666667
0.1666667
0.1666667
0.1666667
0.1666667
0.1666667
0.1666667
0.1666667
0.1666667
0.1666667
0.1666667
0.1666667
0.1666667
0.1666667
0.1666667
0.1666667
0.1666667
0.1666667
0.1666667
0.1666667
0.1666667
0.1666667
0.1666667
0.1666667
0.1666667
***********************************************************
mean-fscore:0.16666670000000017

max-fscore:0.1666667

min-fscore:0.1666667

std-fscore:1.6822419200183304E-16
