0.3571429
0.3571429
0.3571429
0.3571429
0.3636364
0.3571429
0.3571429
0.3571429
0.3571429
0.3571429
0.3571429
0.3571429
0.3571429
0.3571429
0.3571429
0.3571429
0.3571429
0.3571429
0.3636364
0.3636364
0.3571429
0.3571429
0.3571429
0.3571429
0.3636364
0.3571429
0.3571429
0.3571429
0.3571429
0.3636364
0.3571429
0.3571429
0.3636364
0.3571429
0.3636364
0.3636364
0.3636364
0.3636364
0.3571429
0.3571429
0.3636364
0.3571429
0.3571429
0.3571429
0.3571429
0.3571429
0.3571429
0.3636364
0.3571429
0.3571429
