0.8
0.8
0.6666667
0.7368421
0.8
0.7368421
0.8
0.6666667
0.7368421
0.8
0.7368421
0.7368421
0.8
0.7368421
0.7368421
0.7368421
0.8571429
0.8
0.6666667
0.5882353
0.8
0.6666667
0.7368421
0.7368421
0.6666667
0.6666667
0.8
0.7368421
0.7368421
0.7368421
0.5882353
0.8571429
0.7368421
0.7368421
0.8
0.7368421
0.6666667
0.7368421
0.8
0.8
0.7368421
0.7368421
0.5882353
0.8
0.8
0.8
0.6666667
0.8
0.7368421
0.8571429
***********************************************************
mean-fscore:0.7441262040000001

max-fscore:0.8571429

min-fscore:0.5882353

std-fscore:0.0655020332051374
