0.2962963
0.3076923
0.3636364
0.3396226
0.3773585
0.3137255
0.3461538
0.3461538
0.3018868
0.3461538
0.3018868
0.3333333
0.3773585
0.3773585
0.3076923
0.3773585
0.3396226
0.3773585
0.3396226
0.3461538
0.3461538
0.3773585
0.3773585
0.3396226
0.3137255
0.3076923
0.3773585
0.3137255
0.3773585
0.3396226
0.3076923
0.3272727
0.3773585
0.3461538
0.3333333
0.3076923
0.3773585
0.3773585
0.3773585
0.3461538
0.3636364
0.3636364
0.3461538
0.3703704
0.3137255
0.3076923
0.3773585
0.3137255
0.3333333
0.3773585
