0.4285714
0.4285714
0.4285714
0.4285714
0.4285714
0.3076923
0.4285714
0.4285714
0.4285714
0.4285714
0.4285714
0.4285714
0.4285714
0.4285714
0.4285714
0.4285714
0.4285714
0.4285714
0.3076923
0.4285714
0.4285714
0.4285714
0.3076923
0.3076923
0.4285714
0.4285714
0.4285714
0.4285714
0.3076923
0.4285714
0.4285714
0.4285714
0.3076923
0.4285714
0.4285714
0.4285714
0.4285714
0.3076923
0.3076923
0.4285714
0.4285714
0.3076923
0.3076923
0.3076923
0.4285714
0.4285714
0.4285714
0.4285714
0.4285714
0.4285714
***********************************************************
mean-fscore:0.40197799799999956

max-fscore:0.4285714

min-fscore:0.3076923

std-fscore:0.0505820960275007
