0.7058824
0.7777778
0.7777778
0.7777778
0.7777778
0.625
0.7058824
0.625
0.7777778
0.625
0.7777778
0.7777778
0.625
0.7058824
0.625
0.7058824
0.5333333
0.7777778
0.7058824
0.7777778
0.7058824
0.625
0.7058824
0.7777778
0.7058824
0.625
0.625
0.5333333
0.625
0.5333333
0.7777778
0.7058824
0.5333333
0.5333333
0.625
0.625
0.7058824
0.7058824
0.7058824
0.7058824
0.7058824
0.625
0.7058824
0.7058824
0.8421053
0.7058824
0.625
0.7058824
0.7058824
0.625
***********************************************************
mean-fscore:0.6845218639999999

max-fscore:0.8421053

min-fscore:0.5333333

std-fscore:0.07733506793558753
