0.3076923
0.3076923
0.3076923
0.3076923
0.3076923
0.3076923
0.3076923
0.3076923
0.3076923
0.3076923
0.3076923
0.3076923
0.3076923
0.3076923
0.3076923
0.3076923
0.3076923
0.3076923
0.3076923
0.3076923
0.3076923
0.3076923
0.3076923
0.3076923
0.3076923
0.3076923
0.3076923
0.3076923
0.3076923
0.3076923
0.3076923
0.3076923
0.3076923
0.3076923
0.3076923
0.3076923
0.3076923
0.3076923
0.3076923
0.3076923
0.3076923
0.3076923
0.3076923
0.3076923
0.3076923
0.3076923
0.3076923
0.3076923
0.3076923
0.3076923
***********************************************************
mean-fscore:0.30769229999999975

max-fscore:0.3076923

min-fscore:0.3076923

std-fscore:2.2429892266911074E-16
