0.3018868
0.3396226
0.3333333
0.3333333
0.3396226
0.3214286
0.3272727
0.3396226
0.3333333
0.3272727
0.3333333
0.3333333
0.3333333
0.3333333
0.3396226
0.3461538
0.3333333
0.3333333
0.3214286
0.3396226
0.3272727
0.3333333
0.3272727
0.3396226
0.3214286
0.3333333
0.3272727
0.3396226
0.3333333
0.3396226
0.3333333
0.3333333
0.3333333
0.3333333
0.3396226
0.3272727
0.3333333
0.3272727
0.3333333
0.3333333
0.3396226
0.3272727
0.3018868
0.3333333
0.3396226
0.3272727
0.3396226
0.3018868
0.3333333
0.3018868
