0.1544402
0.1520913
0.1532567
0.1818182
0.1609195
0.1532567
0.1603053
0.1714286
0.1772152
0.1716738
0.1603053
0.1467181
0.1455939
0.1538462
0.1544402
0.1467181
0.1538462
0.1472868
0.1544402
0.1590909
0.1637931
0.1467181
0.1478599
0.1603053
0.1544402
0.1538462
0.1550388
0.1467181
0.155642
0.1532567
0.1544402
0.1520913
0.1467181
0.1590909
0.1603053
0.1709402
0.1532567
0.1472868
0.1461538
0.1621622
0.1461538
0.1538462
0.1544402
0.1520913
0.1467181
0.1544402
0.1538462
0.1467181
0.1544402
0.1666667
***********************************************************
mean-fscore:0.155562326

max-fscore:0.1818182

min-fscore:0.1455939

std-fscore:0.008313924798519208
