0.2393162
0.2051282
0.2068966
0.2434783
0.2241379
0.1946903
0.1769912
0.2542373
0.2105263
0.226087
0.220339
0.2222222
0.1769912
0.2372881
0.1769912
0.2105263
0.2542373
0.220339
0.1929825
0.2123894
0.2372881
0.1929825
0.2222222
0.2033898
0.1754386
0.226087
0.1880342
0.2372881
0.2393162
0.2542373
0.2184874
0.2033898
0.2068966
0.2241379
0.2393162
0.2222222
0.2352941
0.1946903
0.226087
0.2321429
0.1929825
0.1929825
0.2393162
0.1929825
0.2393162
0.2280702
0.1964286
0.2166667
0.220339
0.2222222
***********************************************************
mean-fscore:0.21652100999999987

max-fscore:0.2542373

min-fscore:0.1754386

std-fscore:0.021307910903912698
