0.25
0.220339
0.2184874
0.2051282
0.231405
0.2184874
0.220339
0.226087
0.2608696
0.2166667
0.220339
0.25
0.220339
0.2352941
0.2352941
0.2241379
0.2393162
0.2352941
0.2413793
0.2352941
0.2352941
0.2333333
0.2372881
0.231405
0.2479339
0.231405
0.2372881
0.231405
0.2372881
0.231405
0.2393162
0.2372881
0.2352941
0.2222222
0.2222222
0.2352941
0.226087
0.2222222
0.2222222
0.220339
0.2459016
0.2352941
0.2241379
0.2123894
0.2372881
0.2333333
0.2439024
0.2439024
0.2352941
0.2479339
***********************************************************
mean-fscore:0.23200854399999993

max-fscore:0.2608696

min-fscore:0.2051282

std-fscore:0.010941846246987675
