0.5333333
0.5333333
0.5333333
0.5333333
0.5333333
0.5333333
0.5333333
0.5333333
0.5333333
0.5333333
0.5333333
0.5333333
0.5333333
0.5333333
0.5333333
0.5333333
0.5333333
0.5333333
0.5333333
0.5333333
0.5333333
0.5333333
0.5333333
0.5333333
0.5333333
0.5333333
0.5333333
0.5333333
0.5333333
0.5333333
0.5333333
0.5333333
0.5333333
0.5333333
0.5333333
0.5333333
0.5333333
0.5333333
0.5333333
0.5333333
0.5333333
0.5333333
0.5333333
0.5333333
0.5333333
0.5333333
0.5333333
0.5333333
0.5333333
0.5333333
***********************************************************
mean-fscore:0.5333332999999998

max-fscore:0.5333333

min-fscore:0.5333333

std-fscore:2.2429892266911074E-16
