0.3793103
0.3793103
0.3793103
0.3793103
0.3793103
0.3793103
0.3793103
0.3793103
0.3793103
0.3793103
0.3793103
0.3793103
0.3793103
0.3793103
0.3793103
0.3793103
0.3793103
0.3793103
0.3793103
0.3793103
0.3793103
0.3793103
0.3793103
0.3793103
0.3793103
0.3793103
0.3793103
0.3793103
0.3793103
0.3793103
0.3793103
0.3793103
0.3793103
0.3793103
0.3793103
0.3793103
0.3793103
0.3793103
0.3793103
0.3793103
0.3793103
0.3793103
0.3793103
0.3859649
0.3793103
0.3793103
0.3793103
0.3793103
0.3793103
0.3793103
