0.4285714
0.4
0.5333333
0.3076923
0.4285714
0.3076923
0.4285714
0.4285714
0.4285714
0.4285714
0.3076923
0.5333333
0.4285714
0.5333333
0.3076923
0.5333333
0.3076923
0.625
0.5333333
0.4285714
0.4285714
0.3076923
0.4285714
0.5333333
0.5333333
0.625
0.5333333
0.625
0.2857143
0.3076923
0.4285714
0.5333333
0.3076923
0.4285714
0.4285714
0.4285714
0.3076923
0.3076923
0.4285714
0.4285714
0.3076923
0.4285714
0.4285714
0.2857143
0.3076923
0.2857143
0.4285714
0.4
0.3076923
0.3076923
***********************************************************
mean-fscore:0.41565382799999967

max-fscore:0.625

min-fscore:0.2857143

std-fscore:0.09831297388713592
