0.1666667
0.1666667
0.1666667
0.1666667
0.1666667
0.1666667
0.1666667
0.1666667
0.1666667
0.1666667
0.1666667
0.1666667
0.1666667
0.1666667
0.1666667
0.1666667
0.1666667
0.1666667
0.1666667
0.1666667
0.1666667
0.1666667
0.1666667
0.1666667
0.1666667
0.1666667
0.1666667
0.1666667
0.1666667
0.1666667
0.1666667
0.1666667
0.1666667
0.1666667
0.1666667
0.1666667
0.1666667
***********************************************************
mean-fscore:0.12333335800000009

max-fscore:0.1666667

min-fscore:0.0

std-fscore:0.07384793105182526
